$ANSIBLE_VAULT;1.1;AES256
32656534393163313231393935643337643365373334373930393862373366393334386366336536
3534646333313631393430633630376338633236306432620a363731633033356430626438326435
62663534366561613039383264373138343935303334383630313266326332326535623261653264
6435366465356561350a666161353230643533653431653264323963643030323963623130303334
32616662643431323035383266393338326364616134336138643436353665353133396566373437
30626535303762313732623035356431313762393966653838656537346162663962386131313236
61333933653335393739353531363335396266633932343165623562373162626131633337643365
65653666663438363465373738316236386138616431633262636361316362643535333437366232
61396164356132383332653837306564323364363035383766373231326434616230316563643935
36383338333366316232356131353164636531656435316632383433633933366537383731396233
39383261333636633831323537616564363033343966306563386637663266386438356361633662
65356533393532313631653365656563316463343033643632616663633535313932633766623335
36663564346464393564643133353230326461626632376264613730376164376639366466326338
61663439373764303434323932393061316538346638653162346165646334376133376638623134
63313835336534663061656233303835336638343536663866646462393833343063643661373434
35326432326532353234393138326565393030333038616635333638313861646338373232323464
6365
